version https://git-lfs.github.com/spec/v1
oid sha256:f1b0384bc38942b9cc4322c86e63f60ecc4fceb66ca02c5b427c5aaeead2dc8f
size 16047
