version https://git-lfs.github.com/spec/v1
oid sha256:6a16458e96f2a9f3e3e5e1617c37fc9e191ff4d42076790625deaf5e96cf32df
size 65274
