version https://git-lfs.github.com/spec/v1
oid sha256:539e6917d5249e907e7beb4b74df743d7b279e14b8bd7a834db2b5dc9e603dcf
size 1770
