version https://git-lfs.github.com/spec/v1
oid sha256:cbcea5ae426fc03e8774761741c3df02e7b3c30272731750c4c306ed9ee6389b
size 176840
