version https://git-lfs.github.com/spec/v1
oid sha256:03dd3f2489c04d7b2d8d91ff4b979deccc88892d404a78739b18e88f9c9b8e6d
size 61182
