version https://git-lfs.github.com/spec/v1
oid sha256:f91024f7b8d6221e9de0b118591c185e5898bc1fcd729acba08d3e7eaaba934f
size 145433
