version https://git-lfs.github.com/spec/v1
oid sha256:76314b2850b1f232b88586de39a57cd50b86add926448586c771bc4bafe63fea
size 23195
