version https://git-lfs.github.com/spec/v1
oid sha256:025690d1d457736e2f5217647f14517339fa1ed24618ae4deccb6b12f2ad2eff
size 224025
