version https://git-lfs.github.com/spec/v1
oid sha256:5243bc8d9c1557b7652483129ffa77937afd4dbf7d28ef1156841f2c6b9a5e90
size 284460
