version https://git-lfs.github.com/spec/v1
oid sha256:a7804d3caf43c332bc0b15e163700ef1bd21dfd8dd001ed3ffe1d241c216862b
size 295710
