version https://git-lfs.github.com/spec/v1
oid sha256:f911c8cb82e9efc118e89cee233ff21a18ee2aac0f99d532c184258bfb2d2838
size 59961
