version https://git-lfs.github.com/spec/v1
oid sha256:65aa1347608eb2718a2a48bf3fa1cd9d96cb4392fa316bb27fb1949c5c6cb064
size 25306
