version https://git-lfs.github.com/spec/v1
oid sha256:7527749687e4f5a707d7cf46183bd288a34b3d6f188c07337ed14e27365bd9f2
size 72833
