version https://git-lfs.github.com/spec/v1
oid sha256:0fdc298ce25ff2e607296467b9d37af880dbc678f15a66093b623a9765b2605f
size 61843
