version https://git-lfs.github.com/spec/v1
oid sha256:779e03ca65c7ee25bf0e05e3f4dc10017dde7d68cbbbbdc888a079746f5983a2
size 72870
