version https://git-lfs.github.com/spec/v1
oid sha256:e3bf023030c5e1759ae5f0cde72a48cf8f995177aff0313a18877c1e933c0f4b
size 61852
