version https://git-lfs.github.com/spec/v1
oid sha256:62864842e728b4b5bad63a26acf47cb26e8f79a82632da51d02f00eda5a4fdd7
size 78570
