version https://git-lfs.github.com/spec/v1
oid sha256:f15d269678412264b0fe765d91d914e90715b0560e3e34e6634208c847c72f90
size 69495
