version https://git-lfs.github.com/spec/v1
oid sha256:7470ccaebaa8acf0603058292601fbec442c623518e982cfb030b2d04327d9df
size 33603
