version https://git-lfs.github.com/spec/v1
oid sha256:72eb3efc1676814add65b48b064eba5d82097516a5d099ebf2c82c34a4b883d8
size 59421
