version https://git-lfs.github.com/spec/v1
oid sha256:a455d4ad631a0ecfa630f1342a98605199b9f798029aa900ca42c75878f8f592
size 66168
