version https://git-lfs.github.com/spec/v1
oid sha256:46d12f3c824150c2756909f8208c21206cd61152ca24faf4e611a9542e945506
size 5710
